{
  "distance": [
    [
      0,
      1.0527800992672662,
      1.1211595503502525,
      0.9508343256104246,
      0.86984335753035,
      1.1313726939953914,
      0.6515700085312452,
      0.8924090407938262,
      1.2877152202054494,
      0.7495333165470363,
      1.0644883059668204,
      0.8305402137730564,
      0.7431352705229689,
      0.9117820938085615,
      0.48161467279254283,
      0.7972765151359013,
      1.115843766610051,
      1.0188295474582318,
      0.8038593178811191,
      0.7122626030336914,
      1.1705859376312269,
      0.7973625889218308,
      0.5553280134468289,
      0.6253869594135186,
      0.8871393342691294,
      0.7305254323781507,
      0.9255133325465466,
      0.9273837489362496,
      0.7949526873461276,
      0.7239166090542579,
      0.9819111429440435,
      0.8736312366377001,
      1.0033450323343576,
      0.7881429035318209,
      0.6647459284303895,
      0.845736886923604,
      0.8970203027386371,
      0.7892114639320305,
      0.6375138410917784,
      0.614160490310506,
      1.1603767336851951,
      0.902001496916923,
      0.7392334658803177,
      0.7981124137488623,
      0.9371443205704646,
      1.1613444360195289,
      0.7407352011456765,
      0.8024419864830992,
      0.741204323450783,
      0.5573239853429668,
      0.4774143247388798,
      0.7300383757063699,
      0.9543109503033537,
      0.7035295392271896,
      0.9173076052210702,
      0.7320978388595707,
      0.49699487789822183,
      1.0943091322698886,
      0.8652754355329517,
      1.169774761596792,
      0.9848496409125148,
      0.5652352447317787,
      0.9679911882434412,
      0.9827199098104695,
      0.9818553127959013,
      0.9207211841004649,
      0.8335858497664054,
      0.6833828240730232,
      0.9243619404373484,
      0.8044986468836166,
      1.3888141598328123,
      0.6652328731600584,
      1.14910784670507,
      0.54371640889879,
      0.855336734166907,
      0.28806083835418,
      0.30246065775981434,
      0.37660074174294755,
      0.6126720475171704,
      0.8816389280514856,
      1.0796911741588444,
      0.36439118799736264,
      0.5101233018934541,
      0.6322593951105454,
      0.4982232783039623,
      0.9395344054238539,
      1.1280425972805996,
      1.1729305058683475,
      0.446066524109762,
      0.6381180186769303,
      1.0521642748167739,
      0.8022824444207844,
      0.6395017792295343,
      1.234265811879353,
      0.8040562054230328,
      1.0168117280273061,
      1.0799579346550099,
      0.752717171122397,
      1.1791230501188126,
      0.6383472044731956
    ],
    [
      1.0527800992672662,
      0,
      0.7595457223299904,
      0.7163408548438939,
      0.7715938284896029,
      0.4895797434354937,
      0.6589171216669188,
      1.0579631444965885,
      0.9264783449125477,
      0.8333745410642651,
      1.0563128693741055,
      0.8318285939741539,
      0.7996168848237917,
      0.9041664115771088,
      1.0267673949725664,
      1.1135059181004832,
      0.9204790501178843,
      0.6759072241280808,
      0.801811607332111,
      1.211889831574035,
      1.1362051423871637,
      0.7345561089343888,
      1.1040947849643326,
      0.7950394652257243,
      1.225851510846625,
      0.9260555466001033,
      0.5057794986080658,
      1.2461173882932992,
      0.7541235215729639,
      0.6774139921955361,
      0.9924300559013262,
      0.845623401097362,
      0.890361607374827,
      0.8799415209738346,
      1.1274010513717627,
      1.1231220620191726,
      0.8856524224124294,
      0.5824326869967272,
      0.8588401439107963,
      1.11456502327306,
      0.48409302713702723,
      0.8103524541168765,
      1.0180674993588,
      0.9077404946472081,
      0.8860850030809031,
      0.2777482120929517,
      0.9832173513480452,
      1.26196402539189,
      0.9877488469099908,
      0.9428656070643531,
      1.0172425349695324,
      0.4681123548385814,
      1.3543129647441425,
      0.7520947245084381,
      1.0583965252445593,
      0.9718579332351678,
      1.1836961393681473,
      1.1024558006524723,
      0.5582234672115792,
      0.9016051480474493,
      1.0858148142210748,
      1.005130860468397,
      0.6364150540617397,
      1.169103928249192,
      0.6923590245431477,
      1.2366867309160243,
      1.0037219885574962,
      0.9050519100698143,
      1.0330468382087636,
      0.9612246677213834,
      1.302843592293951,
      0.7707715220183927,
      0.5103486955986836,
      1.3111171881288983,
      0.5947483631742044,
      1.0063009883380332,
      0.949360280070633,
      0.9451445669544881,
      0.729640632896335,
      1.3612682748105482,
      1.0895108267609404,
      1.1541171711008293,
      1.0645571580147155,
      0.8879916292926434,
      0.8330009469782433,
      0.9052114712077758,
      0.9749024248309758,
      1.0153390282553114,
      1.1536313355697927,
      0.9516346323495777,
      0.5969086693116378,
      0.5096923747251815,
      1.1716503766117938,
      1.3873669546841818,
      0.5379893352622858,
      1.3008015926793937,
      0.8514599952031053,
      0.9067792298106945,
      0.7582998667611558,
      1.034349023662751
    ],
    [
      1.1211595503502525,
      0.7595457223299904,
      0,
      0.7617828260849813,
      0.7054946017970799,
      0.3883412418387754,
      0.9084551186906243,
      0.6396318755397281,
      0.33635771144814036,
      0.4539947238344744,
      0.8908685369565874,
      0.8991805402576161,
      0.47594974472866086,
      1.0138279056870265,
      1.121599164809482,
      1.0087826707080447,
      0.3282076020616402,
      0.7210817145990736,
      0.8954193792865184,
      0.9502784127708714,
      0.5949808014786595,
      0.9303588434777262,
      0.9032393515289895,
      1.0700762315639032,
      0.7436202656530881,
      0.9380252670378165,
      0.536121090691886,
      0.7013490708584326,
      0.8436299497670828,
      0.6204333283824417,
      0.8968312829955478,
      0.862966927793081,
      0.2723407944788556,
      0.6097629665353719,
      1.1955643465958579,
      0.9743724335437043,
      1.0324310777283876,
      0.8088026276501338,
      1.2672104206869508,
      1.247687837324244,
      0.7361021652235081,
      0.5588736473935125,
      0.7806200217073923,
      1.0276357585676552,
      0.9004300176567966,
      0.9393625770342513,
      0.8832935363069,
      1.136366981862257,
      0.7269495755453423,
      1.0422397083024537,
      1.0190335707881637,
      0.8247983580662539,
      1.131031296801056,
      0.8240059111431342,
      0.6353859689949118,
      0.7274542810476521,
      0.9224402401287006,
      0.7610476178243797,
      0.6665466320667275,
      0.710683752329738,
      0.7403845317301357,
      0.9254723356726879,
      0.6495218056417309,
      0.7951149965817753,
      0.7520420932648744,
      0.8544963072156477,
      0.966725297422605,
      0.6494900742701514,
      0.7342643488767868,
      0.7871023249698532,
      0.6152616684065852,
      0.5347482733097813,
      0.5334566411655195,
      1.1883494789404456,
      0.5787211572312567,
      1.1528501836421672,
      0.9852716687054649,
      0.9856939381403464,
      1.0563191231808118,
      0.8891744918606905,
      0.8093594965056149,
      1.0765496139030195,
      1.2162912515905722,
      0.7370865846301974,
      1.1547680733534804,
      1.057635252277267,
      0.5786572262589129,
      0.7987011039320205,
      1.0413924940274437,
      1.2522920033844982,
      0.8711563706521969,
      0.5199356669862308,
      1.0310170848870972,
      0.8506590373823352,
      0.7903909748116118,
      0.7789904304082014,
      0.690061897081809,
      0.7446368229329614,
      0.3862735988608283,
      0.9179709299001998
    ],
    [
      0.9508343256104246,
      0.7163408548438939,
      0.7617828260849813,
      0,
      0.5922458527180297,
      0.6906922411831321,
      0.7591953194753324,
      1.1034775725619288,
      1.008848806555739,
      0.8323942187479724,
      1.2829000871632175,
      1.2041507390971007,
      0.5882755349090576,
      1.2278873794877037,
      1.2022743242932115,
      1.2018720772497955,
      1.0194085643021855,
      0.9461823697764602,
      0.9543114672003625,
      0.9410490072039577,
      1.242937723921684,
      0.6513056507708946,
      1.0425710163744712,
      0.8549022293749166,
      1.1795742870387236,
      0.997002515782275,
      0.44939745781188106,
      1.0820723512238037,
      0.5996054709842906,
      0.8227348098349311,
      1.337179599881891,
      0.8074500440261042,
      0.6986780779556915,
      1.014895008136921,
      1.0407903674998011,
      0.7866168947258316,
      0.3535064822218708,
      0.9489548341354308,
      0.9528991725513309,
      1.352860582496097,
      1.0678328402840924,
      0.5235963442531363,
      1.0149783509750303,
      1.157449892960233,
      1.2575194625502857,
      0.7632145581564826,
      0.7530541556922512,
      1.3932083669290225,
      1.0372174600767805,
      0.9763521645695173,
      1.1623988244536798,
      0.6959223820146974,
      1.3079397397321955,
      0.3549027352627194,
      1.051477613611379,
      1.0674192341558841,
      0.9533913751993182,
      1.338096659045377,
      0.7366887506086577,
      0.7401390391293173,
      0.8994772685108097,
      0.8650716228289093,
      0.6205995568319759,
      0.7408389876590198,
      0.8019554663931592,
      1.0642633996427178,
      1.2541036821515863,
      0.7847887688477653,
      0.9799985826747165,
      0.951656937456922,
      1.1212856604024948,
      0.5254923988925706,
      0.9605308330005865,
      1.2515465615695514,
      0.7597786904974407,
      0.9910511326319076,
      1.014428496681301,
      0.81433830488237,
      0.8724339223849876,
      1.1001662190686643,
      0.6154892133683156,
      0.9563264275240638,
      1.1995990336072935,
      0.6414784127828701,
      1.068176284444823,
      1.3515459627809745,
      0.5369771396349672,
      1.2413848889959398,
      1.1388764536755402,
      1.0932974927013617,
      1.0904897444221786,
      0.5358229820085155,
      1.1661219820189517,
      1.4285770863634628,
      0.8134357301373591,
      1.1689035512424857,
      0.9691983061568524,
      0.8786196979459288,
      0.766736899404888,
      1.19762515915578
    ],
    [
      0.86984335753035,
      0.7715938284896029,
      0.7054946017970799,
      0.5922458527180297,
      0,
      0.8077192061589472,
      0.9589361494374545,
      1.0081320638689832,
      0.8825568193753964,
      0.6339078960411341,
      0.9550070840861855,
      0.9528966735248058,
      0.6512633647517182,
      0.7919657947920284,
      0.9959673418662102,
      0.8192572536715976,
      0.8572958894533764,
      0.5103834107197427,
      0.9209019823739629,
      0.574543360979195,
      0.954843411765271,
      0.4271451773322135,
      0.8071920259933417,
      1.043994882609564,
      0.9545954438237986,
      0.8537434955857944,
      0.3205134842060382,
      1.0040524876107328,
      0.8379748940323388,
      0.5028946834135813,
      1.0303885167852083,
      0.25058718542273634,
      0.584407216416832,
      0.8052653446216744,
      1.2512915832035847,
      0.3846252964702679,
      0.6766260296459522,
      0.8600463592642927,
      1.1190499348543357,
      1.1185939813893635,
      1.0186707414441103,
      0.2179812546199373,
      0.8658391129587666,
      0.7999414214766235,
      1.1133764940282769,
      0.7919217962061524,
      0.977932195277131,
      1.2679933159596464,
      0.6850595862895701,
      1.1007565276469082,
      0.9921975279576678,
      0.4836816524349125,
      1.3480496943370472,
      0.47492538196408085,
      1.0405569810697204,
      0.9906114597309806,
      0.7470229673410942,
      1.038398492886881,
      0.9259473890286022,
      0.9295654657718252,
      1.1274385112583545,
      1.0149246463807151,
      0.4987400262192816,
      1.0217390309430032,
      0.5852187878786419,
      1.1514536564393523,
      1.1240681655825093,
      0.7508415605006964,
      0.6293992166450258,
      0.9088974432277028,
      0.883683819258164,
      0.4041953673443516,
      0.764008378258068,
      1.177990237822387,
      0.8059145671190938,
      0.9272724495630638,
      0.8285772211841295,
      0.59164068099777,
      0.85287591876273,
      0.8780360157823969,
      0.9135841119679524,
      0.750384623820676,
      1.147144904583371,
      0.4067292730990568,
      0.9981061964151836,
      1.1125809250475047,
      0.8419790971097417,
      1.3113443867150043,
      0.9877516440239225,
      0.9487187999103732,
      0.7662989378587768,
      0.5288396631550677,
      0.8628211065517976,
      1.2769490538240744,
      0.48576223817686204,
      1.141001473036856,
      1.1364942818129917,
      0.3963665495097624,
      0.9588973112574047,
      0.9350303671551039
    ],
    [
      1.1313726939953914,
      0.4895797434354937,
      0.3883412418387754,
      0.6906922411831321,
      0.8077192061589472,
      0,
      0.7183809121313487,
      0.8150640679239819,
      0.6289267027134944,
      0.6375024488570676,
      1.0647780063671524,
      0.9145021087339857,
      0.5987248994897129,
      1.0572606506825546,
      1.1411267859553578,
      1.0992318903133342,
      0.5823139809005837,
      0.7650377201332621,
      0.9023768469366742,
      1.150521123741595,
      0.8902962562334861,
      0.9482840946305259,
      1.0130831196645713,
      0.9292674999706879,
      1.0039571634034914,
      0.8902864064421309,
      0.5152838362834522,
      0.9464340136411424,
      0.675479117509603,
      0.7208039951506721,
      0.9657950061661928,
      0.9514958436939353,
      0.5911497511052419,
      0.7687620426481561,
      1.1247922213068557,
      1.1317073107026736,
      0.9879172513666534,
      0.7395242097565732,
      1.0906289131639915,
      1.2367450418670658,
      0.5483250124846591,
      0.7223037551413074,
      0.845177753824975,
      1.0927019496119206,
      0.8380515546029946,
      0.6816648672880802,
      0.8994372628667034,
      1.2229689194976276,
      0.8873204173044036,
      0.9271938531269266,
      1.041091202038591,
      0.7353619347164627,
      1.2342696959284696,
      0.8268985024488329,
      0.7467896050700059,
      0.7934231425066613,
      1.0923289604400952,
      0.9490913103123386,
      0.4325461992770062,
      0.7769842842165071,
      0.7592041335321278,
      0.9254923511229668,
      0.5838042848492632,
      0.8892403563493441,
      0.6886147420083671,
      1.001434935294427,
      1.0106018208676764,
      0.7920924019424981,
      0.8879606144171193,
      0.7714568054844302,
      0.9974409442882748,
      0.6613674488690114,
      0.4968713697070063,
      1.2799033898347465,
      0.4132182203999333,
      1.1468573598051455,
      1.0131356700499212,
      1.0539135119053655,
      0.9816547721865941,
      1.1799367919709378,
      0.9109573153460149,
      1.1601986465591636,
      1.1866580840758454,
      0.8295272221655147,
      1.055371265890992,
      1.0066634935163856,
      0.6791493226952697,
      0.7551012254281637,
      1.1001416114498437,
      1.223429379192602,
      0.8285306926018547,
      0.4201561735439737,
      1.1277113357317465,
      1.057734960564062,
      0.7422102611536026,
      0.9639392953117749,
      0.6374431839082078,
      0.8947737315351404,
      0.31007299502722097,
      1.0144340097274898
    ],
    [
      0.6515700085312452,
      0.6589171216669188,
      0.9084551186906243,
      0.7591953194753324,
      0.9589361494374545,
      0.7183809121313487,
      0,
      0.8444613480410607,
      1.1137878269628876,
      0.7530173321220629,
      1.148676104813823,
      0.8231290900703597,
      0.6382695757183077,
      1.0581088481638126,
      0.7634336109376879,
      1.052133573732887,
      0.9760229048235032,
      1.0111504915568503,
      0.7164485950296006,
      1.10632983820532,
      1.1811765107089016,
      0.8932326411062594,
      0.849794352763854,
      0.31964213673136854,
      1.0434777815756706,
      0.7539753573785939,
      0.784388217173881,
      0.991358531753139,
      0.4966007183916079,
      0.7716204245263941,
      0.9998767518949792,
      1.0470488481816804,
      0.9373335092492462,
      0.8001069289306438,
      0.5330423603621487,
      1.1499228485866395,
      0.8598093018352012,
      0.5977028182584093,
      0.4352403680813438,
      0.867773483452938,
      0.7732266634914552,
      0.9411256041315469,
      0.7912724847462831,
      0.983903553845947,
      0.7686714619758179,
      0.8332702150367116,
      0.6126171542725707,
      0.9321072481660269,
      0.9228925865072007,
      0.3312224049029521,
      0.686934653342934,
      0.6763538816019153,
      0.9725799263106168,
      0.7162043405682159,
      0.7850852695481562,
      0.6667381007432234,
      0.9080397742347291,
      1.11226108733448,
      0.3271283783120773,
      0.9444921454920727,
      0.7144456317919106,
      0.4935385682835294,
      0.8309185749050504,
      0.8564899240208528,
      0.8888201380958234,
      0.8812871937365812,
      0.8117158461127824,
      0.7048978099687807,
      1.0508241700036247,
      0.719347157354503,
      1.4171955605017863,
      0.7038813111657486,
      0.9085735808061486,
      0.8683880187123797,
      0.5057173230225579,
      0.6475837295962252,
      0.6468594740751097,
      0.7798415074233087,
      0.5978629878817224,
      1.177817533464755,
      0.9619070460995081,
      0.869462662897377,
      0.6638955368712691,
      0.8055024812504789,
      0.542283257794565,
      0.8881203840467886,
      0.9173799085053922,
      0.8076801627731567,
      0.7655965525591636,
      0.8411329818710895,
      0.965907174928961,
      0.5784471107499967,
      0.9713332204208325,
      1.2163599219959593,
      0.7861594461811356,
      1.0058345693255368,
      0.6804143128013295,
      0.9679253931129131,
      0.7757583274117699,
      0.837425435546816
    ],
    [
      0.8924090407938262,
      1.0579631444965885,
      0.6396318755397281,
      1.1034775725619288,
      1.0081320638689832,
      0.8150640679239819,
      0.8444613480410607,
      0,
      0.6640570220325724,
      0.4090107470254009,
      0.73114063032467,
      0.6762637818995595,
      0.5328767396815087,
      0.9892615282012517,
      0.7843309658262617,
      0.9183644779307755,
      0.4731999020610433,
      0.9773834487843672,
      0.7602252514010034,
      0.9364529350235581,
      0.49282814972929495,
      1.1112478644550179,
      0.6864140600552542,
      0.9335349664079399,
      0.3356412020040708,
      0.9134435115888138,
      0.9431781275933123,
      0.3691226078870009,
      0.9814755950283337,
      0.6599527448540605,
      0.667251448360672,
      1.0897931211285175,
      0.6318608037097007,
      0.3265239945314227,
      0.9019677610561553,
      1.140196304418412,
      1.2621167815781456,
      0.7273455508136961,
      1.1591738306513564,
      0.9258518359504502,
      0.8573354505717601,
      0.9010150378954064,
      0.641135466282265,
      0.9189963343014322,
      0.6783143980106172,
      1.2893672835326457,
      0.7466689043858777,
      0.5823411783947536,
      0.6161991975921843,
      0.7989623579101369,
      0.6411880140923044,
      0.9965011768363453,
      0.6533855210178573,
      1.0057501487142604,
      0.3132025871851873,
      0.284543464471044,
      0.7086337955988855,
      0.500458496338805,
      0.7265890285052511,
      0.9071808356342271,
      0.6197664758813195,
      0.6454798393215552,
      1.0159492561736514,
      0.7979976296243176,
      1.0484922067253994,
      0.4826333378157476,
      0.5551030958258668,
      0.48031978503719264,
      0.8557121669495024,
      0.7410824105067457,
      0.8859402486685637,
      0.6805416589675874,
      0.8273452446907349,
      0.7020564353226844,
      0.7019902633988364,
      0.9112556977984856,
      0.71181817809146,
      0.9005220384750623,
      0.9811943850193943,
      0.6806020686057629,
      0.9666874556733333,
      0.9270392604373155,
      0.8546110080121235,
      0.855719514781952,
      0.9543644125144132,
      0.8544604212698428,
      0.8863565804962287,
      0.5352233268569391,
      0.6865423464780663,
      1.11601970300416,
      1.0083864112126122,
      0.7944192853296403,
      0.8421036896617592,
      0.5229950083829134,
      0.9678290411649546,
      0.46774951477849286,
      0.5974455249919599,
      0.8384445508128093,
      0.7114274595997646,
      0.5346141694384638
    ],
    [
      1.2877152202054494,
      0.9264783449125477,
      0.33635771144814036,
      1.008848806555739,
      0.8825568193753964,
      0.6289267027134944,
      1.1137878269628876,
      0.6640570220325724,
      0,
      0.6201021792601309,
      0.7450071203902765,
      0.9135366024499418,
      0.654331475223274,
      1.0778652156457613,
      1.1942814875853554,
      1.172980539891055,
      0.4208317240912289,
      0.839929368358114,
      0.8826480091338476,
      1.1010355623998258,
      0.5026478761583498,
      1.0406528247494566,
      1.087297792713948,
      1.2118767658341663,
      0.7667747180289037,
      1.1944228024171237,
      0.7681723405360286,
      0.7899912921068202,
      1.1513545032233656,
      0.6928890939075781,
      0.916916963850449,
      1.015937203989614,
      0.47768475733099475,
      0.6129707392751933,
      1.3273737517263648,
      1.1386833627462816,
      1.2264453780171871,
      0.849196879511996,
      1.4368586127067835,
      1.3507364270919358,
      0.7837972513644582,
      0.7524449174227896,
      1.0063911102579308,
      1.0234996381658017,
      1.0120319377997669,
      1.1286921935231944,
      0.9887003043418445,
      1.1181027799044692,
      0.8651693635885946,
      1.2446655882628017,
      1.129358719416981,
      1.004139312129939,
      1.1006543694257989,
      1.0082522825485352,
      0.7830361606439235,
      0.8440258501404438,
      1.0692998728715262,
      0.7002404978846861,
      0.8867742033392728,
      0.698107754868185,
      0.9293329586963277,
      1.0615061180104124,
      0.9422942443150288,
      0.9734704308239022,
      1.020129325420933,
      0.8897503605632582,
      0.9326305029441259,
      0.7088233399104864,
      0.9485713119839585,
      1.0561306606428809,
      0.5682629727816565,
      0.7477109021397098,
      0.5777066366302649,
      1.244900209000698,
      0.8477118619343932,
      1.2648922912307239,
      1.1184690135557855,
      1.113746530014174,
      1.1440082061357717,
      0.9213371392829133,
      0.9118601824318169,
      1.268607897828272,
      1.2895540074485938,
      0.9803836880603171,
      1.2792023039480018,
      1.121789696459392,
      0.7601010288300589,
      0.8393412689537032,
      1.2045651529379928,
      1.3110068585824086,
      0.9146346112435599,
      0.8078523840191609,
      1.2079379792581544,
      0.89531931899258,
      0.9579643261394772,
      0.9135939185558789,
      0.7230040783204192,
      0.8991874482265356,
      0.5918019763649853,
      0.9766188167895912
    ],
    [
      0.7495333165470363,
      0.8333745410642651,
      0.4539947238344744,
      0.8323942187479724,
      0.6339078960411341,
      0.6375024488570676,
      0.7530173321220629,
      0.4090107470254009,
      0.6201021792601309,
      0,
      0.7340384568197045,
      0.6349898150786039,
      0.3849895180066387,
      0.7504495739710365,
      0.7407926950386156,
      0.6428501914841089,
      0.3770186208450302,
      0.6378996888989205,
      0.7684245973595771,
      0.6440162803706945,
      0.49977713563147225,
      0.8297859521809416,
      0.47389040761777734,
      0.8965242846898398,
      0.4217467348930042,
      0.6433703152894252,
      0.5948327231192622,
      0.4772018281013165,
      0.7450841304398552,
      0.4047886256467379,
      0.6224631471208685,
      0.7106688481927219,
      0.3846141572364786,
      0.333583930372109,
      0.977459471466314,
      0.7947638198880753,
      1.0109103247337048,
      0.66526393393427,
      1.0638315652406036,
      0.8528896180914042,
      0.7875318634347475,
      0.5486893050770343,
      0.43497233580513234,
      0.774656566221687,
      0.658812885365395,
      1.008082477300634,
      0.7736940177603444,
      0.8135212597512471,
      0.3312746600689389,
      0.7721902662024257,
      0.6119593598767249,
      0.6813760708061996,
      0.9343039065855671,
      0.7431786175980106,
      0.44009180567249245,
      0.40265993304883413,
      0.5345713244417392,
      0.5515411190825348,
      0.6367803180114013,
      0.8799917986382081,
      0.6985173368220571,
      0.6967420821512308,
      0.6394318860709997,
      0.7829330263081113,
      0.6737281758243356,
      0.7132342016080784,
      0.7174140956990419,
      0.4608590677295369,
      0.4983642396921062,
      0.5371220312745826,
      0.7530348425973117,
      0.36026828437087516,
      0.6368676789095673,
      0.8221050664529367,
      0.4967886400798861,
      0.8269168632035481,
      0.5804381784208933,
      0.6753114149601129,
      0.8642863270468361,
      0.6319442093434126,
      0.8962638249195375,
      0.6887431515920116,
      0.8909409177876516,
      0.4873996181366394,
      0.8584131417789244,
      0.7919927060157801,
      0.7675611075751705,
      0.7731643081107246,
      0.6071722644391114,
      0.9988932699705041,
      0.7832999159260162,
      0.46718496647445273,
      0.61347331715133,
      0.6797876181811793,
      0.6329076402720741,
      0.5822022713276197,
      0.7495823246687132,
      0.4660679979984687,
      0.6572562493959118,
      0.5104221742516083
    ],
    [
      1.0644883059668204,
      1.0563128693741055,
      0.8908685369565874,
      1.2829000871632175,
      0.9550070840861855,
      1.0647780063671524,
      1.148676104813823,
      0.73114063032467,
      0.7450071203902765,
      0.7340384568197045,
      0,
      0.5234424179951512,
      0.8763051163226254,
      0.7146801197118349,
      0.76339348467097,
      1.0156070998302995,
      0.8140762156101706,
      0.8081108871820777,
      0.6357458836644043,
      1.0283894832778309,
      0.6238661513178229,
      0.9178985889145446,
      0.9981218896505739,
      1.11997246989189,
      0.7412258405323946,
      1.2135782303752,
      0.9876832041487951,
      0.9715132431666449,
      1.364539423089555,
      0.5239710110481723,
      0.6413356632595721,
      0.9458734748341553,
      0.8988690382956067,
      0.46236304503059295,
      1.258038175112782,
      1.123731067829412,
      1.3365376590848306,
      0.631445109061442,
      1.29038162116797,
      0.949240578647047,
      0.8578732978365007,
      0.9579796308514233,
      1.0775471118599178,
      0.4769611890777841,
      0.9228076343269888,
      1.2444098480657868,
      1.0570312160074702,
      0.7428427491279596,
      0.7800569197073676,
      1.217506870621532,
      0.836851866378561,
      0.9230019526146825,
      0.9629256045273987,
      1.0701753436153385,
      1.0016126345837413,
      0.8400981681525385,
      0.9672489733382101,
      0.5466872839195065,
      1.09442882976394,
      0.988438085039804,
      1.2590732976032253,
      1.0522628992444114,
      1.1794246780985,
      1.3058348643937736,
      1.1770479013209139,
      1.0062594453709306,
      0.5575616260738266,
      0.707334243567812,
      1.056287969215327,
      1.212728289801651,
      1.004717713902734,
      0.8830767108946787,
      0.7308245938387979,
      0.9496933826591994,
      1.0702864521645952,
      0.9540284136701276,
      0.8374014872821548,
      0.8699346427193609,
      0.8790024835349908,
      0.8934383364347449,
      1.2201904979252667,
      1.1195367534627012,
      0.9256799141978503,
      1.0499915781478586,
      0.9705423799525508,
      0.8165439611084179,
      1.2312119244928272,
      1.0398762937116695,
      1.0347546325046333,
      0.8823681249935158,
      0.7008821589980898,
      1.0233579387461864,
      1.0560616651193655,
      1.0784303055946918,
      0.8676940790423544,
      1.150236460365685,
      0.9669309911378798,
      0.8229922830690847,
      1.1227902387106645,
      0.6391304121117168
    ],
    [
      0.8305402137730564,
      0.8318285939741539,
      0.8991805402576161,
      1.2041507390971007,
      0.9528966735248058,
      0.9145021087339857,
      0.8231290900703597,
      0.6762637818995595,
      0.9135366024499418,
      0.6349898150786039,
      0.5234424179951512,
      0,
      0.8408005583015837,
      0.492533997051996,
      0.4556912518742992,
      0.7695112118057864,
      0.7818058858895781,
      0.6974733916098753,
      0.6345106402161859,
      1.0345360101627088,
      0.7509323043939309,
      0.9208478131478739,
      0.7785776132541821,
      0.86405380361658,
      0.7769144481243466,
      0.8554537651289326,
      0.9057737811813549,
      0.9700820307035067,
      1.0767456911525235,
      0.4772439720019137,
      0.32864674764015983,
      0.9075988987874049,
      0.9504831942183823,
      0.43078883419890873,
      1.0420435718621437,
      1.1550720788990545,
      1.288698091474758,
      0.39763740494705385,
      0.9718273208602005,
      0.5384255474000312,
      0.604713243474161,
      0.9908489266003315,
      0.8062804785810825,
      0.44879825252328037,
      0.47543911131081695,
      1.0178434376906536,
      1.0080416780207084,
      0.6264725797775689,
      0.6272649119444305,
      0.8575157759230337,
      0.48058966925012353,
      0.698953450962913,
      0.9878653850271988,
      1.0235950923187982,
      0.8374344469228222,
      0.5928097560696378,
      0.9049717854858846,
      0.5258873087650394,
      0.8066292653038235,
      1.121996067869247,
      1.119432390730861,
      0.8927984446213125,
      0.9874093689215522,
      1.276601154952472,
      0.9373850016134131,
      1.0239959166174315,
      0.3986000998900256,
      0.7409846516085093,
      0.9240093191659511,
      0.907757096629098,
      1.237476810315446,
      0.8315689679019762,
      0.6281883423163591,
      0.8410561350940479,
      0.767041889764251,
      0.7589052817502062,
      0.5478437104026045,
      0.7883150735433888,
      0.7087978816907882,
      1.0499423314978165,
      1.3055740075238615,
      0.9458447616552935,
      0.6549226535661266,
      0.9245559466108546,
      0.5956862650727756,
      0.3199860600454479,
      1.2614078720788042,
      0.8379286546662765,
      0.7490134229741311,
      0.747685973891597,
      0.5150025535866316,
      0.8099563807227782,
      0.8098599338086295,
      0.9993177218868378,
      0.6406312753797687,
      1.0568652043231346,
      0.8775764113422339,
      0.7541545327215932,
      1.0289108814412014,
      0.376035893910903
    ],
    [
      0.7431352705229689,
      0.7996168848237917,
      0.47594974472866086,
      0.5882755349090576,
      0.6512633647517182,
      0.5987248994897129,
      0.6382695757183077,
      0.5328767396815087,
      0.654331475223274,
      0.3849895180066387,
      0.8763051163226254,
      0.8408005583015837,
      0,
      1.017806082127031,
      0.8641506955452647,
      0.961475833809077,
      0.6038759865088723,
      0.8535635829592038,
      0.6499361649117328,
      0.748124600556105,
      0.7668196589298194,
      0.7432943168091355,
      0.7103806221792598,
      0.7232601922152366,
      0.6376873490640349,
      0.852744518848361,
      0.5623059540614287,
      0.5467380257605933,
      0.6735559244288666,
      0.5322730906915978,
      0.9413312772688626,
      0.8256174040238924,
      0.3776676547799922,
      0.5134515424322751,
      0.785599647714793,
      0.8110746677712478,
      0.752253987904242,
      0.6765320697053335,
      0.9398728465436517,
      1.0514322815576045,
      0.8647171822974217,
      0.5106021680978866,
      0.692527477709214,
      0.902472254610009,
      0.9069268072842084,
      0.9912384622164329,
      0.4528238126063184,
      0.8881720198601277,
      0.6822496563486586,
      0.7363204565870559,
      0.7795501742995931,
      0.7292349826079529,
      0.8090059869981646,
      0.523822987376355,
      0.5555944769551115,
      0.5701041068866419,
      0.6062559709224092,
      0.8606963040988325,
      0.5574018932578984,
      0.5779592076769584,
      0.5317211986062991,
      0.49717026705906514,
      0.7236064788531038,
      0.48225750414493856,
      0.8416764301074284,
      0.5386162729668336,
      0.7931306062026212,
      0.2766316081209141,
      0.7833610316539098,
      0.7141824437586303,
      0.8209623320715532,
      0.27722434084267006,
      0.7735556261067612,
      0.8092223367787814,
      0.5748473791829667,
      0.7708547685302155,
      0.6992747370260674,
      0.6540283274498471,
      0.7629389757062239,
      0.6602514227597679,
      0.5287279396308117,
      0.769561465777874,
      0.8826959050619533,
      0.5540786691728754,
      0.8851527808951688,
      1.0421951812119306,
      0.45646052151243405,
      0.8024121470240483,
      0.7748445862368916,
      0.9640286741058934,
      0.956036104745069,
      0.49221005157024805,
      0.8848165391444966,
      0.924786517450439,
      0.7764831269083314,
      0.6818867621555657,
      0.587104098598711,
      0.692615552870307,
      0.5374141153547237,
      0.7582153457810615
    ],
    [
      0.9117820938085615,
      0.9041664115771088,
      1.0138279056870265,
      1.2278873794877037,
      0.7919657947920284,
      1.0572606506825546,
      1.0581088481638126,
      0.9892615282012517,
      1.0778652156457613,
      0.7504495739710365,
      0.7146801197118349,
      0.492533997051996,
      1.017806082127031,
      0,
      0.6649423174187095,
      0.5505202922316318,
      0.925991897981209,
      0.44442378892083506,
      0.9465865963177058,
      0.8984884511443928,
      0.8835449466591132,
      0.8426238439118405,
      0.7755088572688524,
      1.134809262060186,
      0.9483423056018754,
      0.7962301973519488,
      0.8499022966247322,
      1.1654699135790214,
      1.141267144040706,
      0.5293593406665181,
      0.5074179662171121,
      0.628203646434077,
      1.014173409176913,
      0.713993589905606,
      1.3568837372119078,
      0.9593897794360132,
      1.294058040935296,
      0.7224463795586369,
      1.1589031698433478,
      0.639776096689646,
      0.8583194606174493,
      0.9136810226107434,
      0.8526609307277787,
      0.45799614672218225,
      0.7340869146593582,
      0.9668279171437856,
      1.2813480767853007,
      1.0215295541340186,
      0.5737222316619406,
      1.1035374510037885,
      0.7096094739087739,
      0.6017505456055627,
      1.3768690599379685,
      1.0421159954459316,
      1.092602232173765,
      0.8954642951218649,
      0.9331420189654511,
      0.7257808218257006,
      1.0516738497725926,
      1.3451898919200638,
      1.387068280460272,
      1.18214502201223,
      0.8676560482614476,
      1.4757422091735823,
      0.7597240470793412,
      1.3431429592058166,
      0.8576197275023162,
      0.9787574787927912,
      0.7583629495168382,
      0.9674981969298971,
      1.247842878547967,
      0.8681174774165187,
      0.70855782598453,
      1.1158504592130094,
      0.903934944391399,
      0.9193689247790223,
      0.6709073517912773,
      0.7777836837478965,
      0.8828819872243566,
      1.1269273219368967,
      1.474230171433308,
      0.8856233819214705,
      0.9580950427885131,
      0.8309085831395017,
      0.7843420511559387,
      0.5270892891701207,
      1.4051903472467198,
      1.23768631997899,
      0.8631840333875136,
      0.8450437866012552,
      0.41328051941099697,
      0.8337260264580628,
      0.7086155790430502,
      1.1928917176488507,
      0.45775327913595903,
      1.2585412442983566,
      1.2546695698034545,
      0.5489377209275554,
      1.2474413015647634,
      0.5988588261887315
    ],
    [
      0.48161467279254283,
      1.0267673949725664,
      1.121599164809482,
      1.2022743242932115,
      0.9959673418662102,
      1.1411267859553578,
      0.7634336109376879,
      0.7843309658262617,
      1.1942814875853554,
      0.7407926950386156,
      0.76339348467097,
      0.4556912518742992,
      0.8641506955452647,
      0.6649423174187095,
      0,
      0.7599615955096714,
      1.0344150637904281,
      0.925538074178889,
      0.6662311797939721,
      0.9097643480437065,
      1.0042137983393284,
      0.8948945748693541,
      0.6539602763836774,
      0.7205905405483071,
      0.8165598031427712,
      0.8285848680133499,
      1.023387334729038,
      0.9779492126933685,
      1.0419593769450086,
      0.618178712095957,
      0.6518706461238812,
      0.9440193157227925,
      1.077483131690858,
      0.6035173956691504,
      0.821595416781694,
      1.0699592532668647,
      1.193710166620311,
      0.5754956486643598,
      0.7721777163490139,
      0.30100650820194047,
      0.9571943941287293,
      1.0466608833870055,
      0.804507969036978,
      0.5143203947219885,
      0.6988400631200148,
      1.1793684155273305,
      0.9034315602091808,
      0.5189627366515734,
      0.6866396327237643,
      0.6945901527867786,
      0.2544567852628772,
      0.7545629142555628,
      0.8890816427518378,
      0.9487625329596527,
      0.9146402996400835,
      0.6396074769859272,
      0.710713907727584,
      0.8226489122018336,
      0.9045879122747584,
      1.2183456510116724,
      1.1243202794673757,
      0.728133051797076,
      1.0925230802419272,
      1.2229191199298686,
      1.0565038120296142,
      0.9768964422371845,
      0.4955534682622341,
      0.7207702107791628,
      0.9913735619044339,
      0.9175703739003882,
      1.404181588277184,
      0.8293083420139474,
      0.9876187910894759,
      0.534235704667912,
      0.8942539300493689,
      0.4118101966080444,
      0.2597338881156168,
      0.5670862305382351,
      0.5895767939047803,
      0.9707378026277064,
      1.2851803810375206,
      0.685050147691055,
      0.33411250954988675,
      0.8631115319582849,
      0.3735591972350622,
      0.5843290644413279,
      1.3135244957375707,
      1.034063780963997,
      0.5176796688124453,
      0.5414526598277327,
      0.8261566370224538,
      0.9066831603686778,
      0.6880426036112994,
      1.1394870402509465,
      0.7646089637505153,
      1.0757867411629884,
      1.022267801700976,
      0.7877874547374485,
      1.2159371605834508,
      0.35230478319891034
    ],
    [
      0.7972765151359013,
      1.1135059181004832,
      1.0087826707080447,
      1.2018720772497955,
      0.8192572536715976,
      1.0992318903133342,
      1.052133573732887,
      0.9183644779307755,
      1.172980539891055,
      0.6428501914841089,
      1.0156070998302995,
      0.7695112118057864,
      0.961475833809077,
      0.5505202922316318,
      0.7599615955096714,
      0,
      0.8673409915712944,
      0.6656847689546896,
      1.177606365099356,
      0.6573463068740498,
      0.8777988673891852,
      1.032204313923928,
      0.3949377149034517,
      1.206060475561942,
      0.7861356831843667,
      0.46570957921092115,
      0.9063255311491841,
      0.9433875677640954,
      0.9626733401981324,
      0.7152324745131273,
      0.6429757841690632,
      0.6943703090624267,
      0.929979752376187,
      0.7885262639902356,
      1.3134495805761102,
      0.845787120316515,
      1.310586558408057,
      0.9892699416027024,
      1.2297899499700182,
      0.663520758611768,
      1.1115993421861439,
      0.8811094137976969,
      0.4875268580947677,
      0.8456258860243075,
      0.740976911681601,
      1.1713743365430926,
      1.2713442826138968,
      1.0678204838070977,
      0.3369311832624301,
